4,3
4,2
4,1
4,0
3,6
3,5
3,4
3,3
3,2
3,1
3,0
2,3
2,2
2,1
2,0
1,3
1,2
1,1
1,0
0,243
2150,1
2150,3
2150,0
2311,1
2311,3
2311,0
2153,1
2153,3
2153,0
2145,1
2145,3
0,372
2145,0
2111,1
2111,3
0,489
0,361
2111,0
0,9
0,310
0,305
0,374
0,492
0,308
0,304
0,303
0,302
0,307
0,486
0,12
0,326
0,10
0,491
0,8
0,0
0,410
0,300
0,382
0,299
0,470
0,298
0,317
0,297
0,483
0,296
0,487
0,295
0,457
0,294
0,316
0,293
0,482
0,292
0,503
0,291
0,456
0,290
0,475
0,289
0,366
0,288
0,446
0,287
0,356
0,286
0,434
0,285
0,445
0,284
0,311
0,283
0,469
0,282
0,474
0,281
0,380
0,280
0,451
0,279
0,414
0,278
0,309
0,277
0,460
0,276
0,465
0,275
0,455
0,274
0,450
0,273
0,426
0,272
0,387
0,271
0,464
0,270
0,497
0,269
0,429
0,268
0,425
0,267
0,481
0,266
0,443
0,265
0,438
0,264
0,499
0,263
0,315
0,262
0,485
0,261
0,442
0,260
0,437
0,259
0,433
0,258
0,459
0,257
0,496
0,256
0,495
0,255
0,306
0,254
0,468
0,253
0,507
0,252
0,502
0,251
0,428
0,250
0,473
0,249
0,506
0,248
0,508
0,247
0,498
0,246
0,463
0,245
0,494
0,244
0,402
0,242
0,449
0,241
0,396
0,240
0,418
0,239
0,420
0,238
0,412
0,237
0,424
0,236
0,441
0,235
0,493
0,234
0,501
0,233
0,423
0,232
0,448
0,231
0,480
0,230
0,388
0,229
0,321
0,228
0,391
0,227
0,472
0,226
0,479
0,225
0,454
0,224
0,511
0,223
0,467
0,222
0,490
0,221
0,314
0,220
0,478
0,219
0,400
0,218
0,510
0,217
0,436
0,216
0,435
0,215
0,301
0,214
0,319
0,213
0,323
0,212
0,488
0,211
0,453
0,210
0,505
0,209
0,509
0,208
0,462
0,207
0,422
0,206
0,484
0,205
0,440
0,204
0,392
0,203
0,444
